| ID | Recall before | Recall after | Precision before | Precision after | Delta | Oracle | New order (orig ranks) |
|---|---:|---:|---:|---:|---:|---:|---|
| E01 | 0.950 | 0.950 | 1.000 | 1.000 | +0.000 | 1.000 | [1, 2, 3, 4, 5] |
| E02 | 1.000 | 1.000 | 1.000 | 1.000 | +0.000 | 1.000 | [1, 3, 2, 4, 5] |
| E03 | 1.000 | 1.000 | 1.000 | 1.000 | +0.000 | 1.000 | [1, 2, 3, 4, 5] |
| E04 | 1.000 | 1.000 | 0.950 | 1.000 | +0.050 | 1.000 | [1, 3, 5, 2, 4] |
| E05 | 0.938 | 0.938 | 0.950 | 1.000 | +0.050 | 1.000 | [1, 2, 3, 5, 4] |
| M01 | 0.951 | 0.951 | 1.000 | 1.000 | +0.000 | 1.000 | [1, 3, 4, 2, 5] |
| M02 | 0.735 | 0.735 | 0.833 | 1.000 | +0.167 | 1.000 | [1, 3, 4, 5, 2] |
| M03 | 0.976 | 0.976 | 1.000 | 1.000 | +0.000 | 1.000 | [1, 2, 5, 3, 4] |
| M04 | 1.000 | 1.000 | 1.000 | 1.000 | +0.000 | 1.000 | [1, 2, 3, 5, 4] |
| M05 | 0.760 | 0.760 | 0.833 | 0.700 | -0.133 | 1.000 | [1, 2, 4, 5, 3] |
| M06 | 0.750 | 0.750 | 0.700 | 0.867 | +0.167 | 1.000 | [1, 5, 2, 3, 4] |
| M07 | 0.889 | 0.889 | 0.887 | 1.000 | +0.113 | 1.000 | [1, 4, 5, 2, 3] |
| H01 | 0.791 | 0.791 | 1.000 | 1.000 | +0.000 | 1.000 | [1, 3, 2, 4, 5] |
| H02 | 0.833 | 0.833 | 1.000 | 1.000 | +0.000 | 1.000 | [1, 2, 4, 3, 5] |
| H03 | 0.846 | 0.846 | 0.887 | 0.950 | +0.062 | 1.000 | [1, 2, 4, 3, 5] |
| H04 | 0.818 | 0.818 | 1.000 | 1.000 | +0.000 | 1.000 | [1, 2, 3, 4, 5] |
| H05 | 0.872 | 0.872 | 1.000 | 1.000 | +0.000 | 1.000 | [1, 2, 3, 4, 5] |
| A01 | 0.303 | 0.303 | 0.700 | 1.000 | +0.300 | 1.000 | [1, 4, 5, 2, 3] |
| A02 | 0.714 | 0.714 | 0.806 | 0.917 | +0.111 | 1.000 | [1, 3, 2, 4, 5] |
| A03 | 0.406 | 0.406 | 0.950 | 0.887 | -0.062 | 1.000 | [1, 2, 4, 5, 3] |

All 20 cases: Recall 0.827 -> 0.827 | Precision 0.925 -> 0.966 (+0.041) | oracle 1.000

Precision before < 1.0 (10 cases): Recall 0.734 -> 0.734 | Precision 0.850 -> 0.932 (+0.082) | oracle 1.000
improved: ['E04', 'E05', 'M02', 'M06', 'M07', 'H03', 'A01', 'A02']
worse:    ['M05', 'A03']
recall changed anywhere: False
